graph [
  directed 1
  node [
    id 0
    label 0
    dim 1746
    name "1746_2937_1566_1158"
    ptc "[-162.16727707994718, 1104.8132064333211, 1387.9190612208477]"
    V "[-0.24032764266824683, 0.044786153838551279, -0.96965809675053694, -0.071706921099290902, -0.99702481723769709, -0.028277752361124731, 0.96803963846321073, -0.062735271072073939, -0.24282410120811718]"
  ]
  node [
    id 1
    label 1
    dim 11
    name "11_18_9_8"
    ptc "[-96.296746582075713, 1108.9631536834449, 1394.6128649045281]"
    V "[0.60255662435523294, -1.369337549223649e-06, 0.79807613323777027, 0.79807613323570903, -1.8139379238264983e-06, -0.60255662435678881, -2.2727639754267174e-06, -0.99999999999741718, 1.6469547947618486e-10]"
  ]
  node [
    id 2
    label 2
    dim 11
    name "11_18_9_8"
    ptc "[-96.297052175475002, 1108.9631536839001, 1529.1938048332001]"
    V "[0.60256027693761249, -1.369734112550545e-06, -0.7980733754831012, -0.79807337548103796, 1.8147900231651944e-06, -0.60256027693916925, -2.2736829657671885e-06, -0.9999999999974154, -3.7205238889652578e-10]"
  ]
  node [
    id 3
    label 3
    dim 21
    name "21_88_42_3"
    ptc "[-179.06465335729092, 1111.8328117611818, 1313.1599231074542]"
    V "[-0.0013573211129875252, 0.99936067004509765, 0.03572686449172937, 0.028825330883479557, -0.035672951267623772, 0.99894771677366379, 0.99958354227090684, 0.0023857315171509283, -0.028758482336067662]"
  ]
  node [
    id 4
    label 4
    dim 66
    name "66_223_40_33"
    ptc "[-199.87597281695184, 1000.0922846807816, 1324.3096010451293]"
    V "[0.99967192997113319, -0.013603429823925301, 0.02170205347000893, -0.02210363046561524, -0.030100009953165384, 0.99930246618381713, -0.012940708946155644, -0.9994543191651355, -0.030390820227924342]"
  ]
  node [
    id 5
    label 5
    dim 1
    name "1_13_1_1"
    ptc "[-188.23206737692502, 1000.96338322875, 1324.3679956525]"
    V "[0.0037422679904728496, 2.8715946520065258e-09, -0.99999299769062766, 0.99999299769062766, 5.1490419435018573e-09, 0.0037422679904728835, -5.1597521650751309e-09, 0.99999999999999989, 2.852305502898389e-09]"
  ]
  node [
    id 6
    label 6
    dim 21
    name "21_38_20_13"
    ptc "[-153.95558742048334, 1043.4172206920407, 1468.2173834481066]"
    V "[0.17101561103897964, -0.94272090198378189, 0.28641047771310574, 0.014993149526026865, -0.28816919355020348, -0.9574621252853377, -0.98515423475121655, -0.16803516552052547, 0.035147075272844275]"
  ]
  node [
    id 7
    label 7
    dim 1
    name "1_71_35_1"
    ptc "[-156.12830459795111, 1056.6318601398164, 1463.6772918201689]"
    V "[0.22040068633411147, 0.94643567456335043, -0.23597256488258991, -0.97540942042826151, 0.21385431017908135, -0.053317882156291782, 1.8043192755409127e-06, 0.24192116057022536, 0.97029590953744604]"
  ]
  node [
    id 8
    label 8
    dim 62
    name "62_218_38_29"
    ptc "[-201.67954197005525, 1053.6565988953582, 1230.5090002509235]"
    V "[0.99952847878192919, -0.026964228913627424, 0.014688446581457282, -0.016114913295794342, -0.053470512511566433, 0.99843938917754049, -0.026136749479456253, -0.99820530686369513, -0.053879826241407282]"
  ]
  node [
    id 9
    label 9
    dim 1
    name "1_13_1_1"
    ptc "[-188.23177533975002, 1054.96307341275, 1230.8370731724999]"
    V "[0.0037422679867182757, 2.8715996476445029e-09, -0.99999299769064154, 0.99999299769064154, 5.1491771308375105e-09, 0.003742267986718297, -5.159887369963129e-09, 1.0, 2.8523099437904875e-09]"
  ]
  node [
    id 10
    label 10
    dim 28
    name "28_36_27_22"
    ptc "[-184.44532315790579, 1161.5188354186537, 1230.8598869489767]"
    V "[0.0019984074167454765, -0.029512090508531645, 0.99956242570517462, -0.048368482683098755, 0.99839163412521637, 0.029574225124498719, -0.99882756081854862, -0.048406419229230217, 0.00056773820774851211]"
  ]
  node [
    id 11
    label 11
    dim 1714
    name "1714_2577_1779_1098"
    ptc "[-248.21312451717921, 1125.1026341125228, 1402.9025808051647]"
    V "[0.21270019336115889, -0.040893837236750309, 0.97626140035350162, -0.4766256510668257, -0.87653977829398222, 0.067126789089460376, 0.85298687943558071, -0.47958910657394072, -0.20593123212946429]"
  ]
  node [
    id 12
    label 12
    dim 13
    name "13_15_14_12"
    ptc "[-244.00746706596033, 1163.3051786579902, 1229.8882391577663]"
    V "[-0.84107227388612582, -0.48574061113968098, -0.2380199335973161, 0.24474575532807294, 0.050678842545723253, -0.96826193262314952, 0.48238671763317914, -0.87263263382014, 0.076258383429052612]"
  ]
  node [
    id 13
    label 13
    dim 1
    name "1_13_1_1"
    ptc "[-188.23161642932499, 1162.96307341275, 1230.8367154285002]"
    V "[0.0037422679904713578, 2.8716081969796042e-09, -0.99999299769062766, 0.99999299769062766, 5.1489001282950288e-09, 0.0037422679904713786, -5.1596104014341602e-09, 1.0, 2.8523194917084993e-09]"
  ]
  node [
    id 14
    label 14
    dim 13
    name "13_15_14_12"
    ptc "[-244.00760019265894, 1217.30548847299, 1323.4188038937416]"
    V "[-0.84107227389146955, -0.48574061114316847, -0.23801993357131715, 0.24474575531252044, 0.050678842520348294, -0.96826193262840887, 0.48238671763175334, -0.87263263381967304, 0.076258383443423158]"
  ]
  node [
    id 15
    label 15
    dim 1
    name "1_13_1_1"
    ptc "[-188.23174955602499, 1216.96338322775, 1324.3672801645002]"
    V "[0.0037422679904713686, 2.8715898784147757e-09, -0.99999299769062766, 0.99999299769062766, 5.1489055244936691e-09, 0.0037422679904714016, -5.1596157290477313e-09, 1.0, 2.852301173028593e-09]"
  ]
  node [
    id 16
    label 16
    dim 62
    name "62_218_38_30"
    ptc "[-201.76044846339568, 1029.8375993116545, 1404.045016741645]"
    V "[0.99948920689647924, -0.02841212989293598, 0.014631342125522138, -0.015952638451134097, -0.046848903566352185, 0.99877459597302443, -0.027691851218265319, -0.99849783730841268, -0.047278221905311675]"
  ]
  node [
    id 17
    label 17
    dim 1
    name "1_13_1_1"
    ptc "[-188.232205063625, 1030.9636482247502, 1404.3678962784998]"
    V "[0.0037422679904747895, 2.8716081969796034e-09, -0.99999299769062755, 0.99999299769062766, 5.1489001282950123e-09, 0.0037422679904748303, -5.1596104014372357e-09, 1.0, 2.8523193806861968e-09]"
  ]
  node [
    id 18
    label 18
    dim 14
    name "14_15_14_12"
    ptc "[-243.9160946911386, 1187.273194844212, 1403.5126838719614]"
    V "[-0.78689064561416078, -0.56683593323402548, -0.24392649843680556, 0.21827538399692678, 0.11406182602843432, -0.96919851247515532, 0.57719924513630794, -0.81589639332317876, 0.033972147066468457]"
  ]
  node [
    id 19
    label 19
    dim 1
    name "1_13_1_1"
    ptc "[-188.23197552635, 1186.96367105275, 1404.3674253224999]"
    V "[0.0037422679867176482, 2.8715994255998971e-09, -0.99999299769064143, 0.99999299769064154, 5.1491778546508866e-09, 0.0037422679867177011, -5.159888092924792e-09, 0.99999999999999978, 2.8523099437904871e-09]"
  ]
  node [
    id 20
    label 20
    name "13_15_14_12"
    dim 13
    V "[-0.84107227393289907, -0.48574061114782491, -0.23801993341541755, 0.24474575515464561, 0.050678842482120609, -0.96826193267031535, 0.48238671763961799, -0.87263263381930101, 0.076258383397929161]"
    my True
    ptc "[-244.00803233514557, 1172.3060217769901, 1484.418952952399]"
  ]
  node [
    id 21
    label 21
    dim 1
    name "1_13_1_1"
    ptc "[-188.23218169852501, 1171.9639165317501, 1485.3674292234998]"
    V "[0.0037422679904735665, 2.871581440100356e-09, -0.99999299769062755, 0.99999299769062766, 5.1491829416539278e-09, 0.003742267990473606, -5.1598931127129589e-09, 1.0, 2.8522916251105812e-09]"
  ]
  node [
    id 22
    label 22
    dim 29
    name "29_38_30_22"
    ptc "[-184.19309360352429, 1108.123774852872, 1555.6171848458039]"
    V "[0.032032755355641346, -0.023945697541058485, 0.99919993302321519, 0.13621648000378961, 0.99048971259677854, 0.019370075253552676, -0.99016108445025375, 0.13548702081462732, 0.034989913276170494]"
  ]
  node [
    id 23
    label 23
    dim 13
    name "13_15_14_12"
    ptc "[-244.00828413299746, 1109.3062536480957, 1554.4191616357668]"
    V "[-0.84107227384882532, -0.48574061121738649, -0.23801993357054502, 0.24474575530740392, 0.050678842541503066, -0.96826193262859539, 0.48238671770870245, -0.87263263377713174, 0.076258383443470704]"
  ]
  node [
    id 24
    label 24
    dim 1
    name "1_13_1_1"
    ptc "[-188.23243349622501, 1108.96414840275, 1555.3676379065]"
    V "[0.0037422679904714211, 2.8715996476444384e-09, -0.99999299769062766, 0.99999299769062766, 5.1491771368915048e-09, 0.0037422679904714575, -5.1598873763378543e-09, 1.0, 2.8523099437904875e-09]"
  ]
  node [
    id 25
    label 25
    dim 62
    name "62_219_38_29"
    ptc "[-202.89406838878551, 1044.6760002160197, 1485.1278397891613]"
    V "[0.99950909456150216, -0.02618247394184205, 0.017206043912842355, -0.018062096386774425, -0.032818225679950179, 0.99929811604812613, -0.025599425051371139, -0.99911833239186643, -0.033275025402463819]"
  ]
  node [
    id 26
    label 26
    dim 1
    name "1_13_1_1"
    ptc "[-189.73236709435, 1045.9638108117501, 1485.3678582447496]"
    V "[0.0037422679727701909, 2.8716081969799127e-09, -0.99999299769069372, 0.99999299769069372, 5.1489000984537611e-09, 0.0037422679727701618, -5.1596103716896363e-09, 1.0, 2.8523194917084993e-09]"
  ]
  node [
    id 27
    label 27
    dim 63
    name "63_219_38_30"
    ptc "[-201.29658132481489, 1044.8691467581509, 1485.0799286887495]"
    V "[0.99949838724148377, -0.027290627999795723, 0.016068463680438589, -0.017049822092071287, -0.036115921145785379, 0.99920215362379017, -0.026688526903924956, -0.99897490552223989, -0.036563105291130528]"
  ]
  node [
    id 28
    label 28
    dim 1
    name "1_13_1_1"
    ptc "[-188.2323670941, 1045.9639165327501, 1485.3678465907501]"
    V "[0.0037422679728226745, 2.8716081969799123e-09, -0.99999299769069361, 0.99999299769069361, 5.1489001006219198e-09, 0.0037422679728227101, -5.1596103736064644e-09, 1.0, 2.8523194917084993e-09]"
  ]
  node [
    id 29
    label 29
    dim 1
    name "1_21_15_1"
    ptc "[-188.8278453885618, 1108.9627930398215, 1240.4033002503249]"
    V "[-5.1755049839683231e-05, 0.99999999866061628, 4.2636487512375481e-07, 0.9999999986590925, 5.1755050605806738e-05, -1.797057914223076e-06, -1.7970799783518155e-06, 4.2627186772346404e-07, -0.99999999999829436]"
  ]
  node [
    id 30
    label 30
    dim 13
    name "13_19_12_9"
    ptc "[-187.86959989204877, 1038.4921864029984, 1282.403639194604]"
    V "[-0.56976847441773559, 0.82180526011826327, 1.2805725224248155e-06, 0.8218052601126612, 0.56976847441871303, -3.1198905926677111e-06, 3.2935723525323219e-06, 7.2523406845007443e-07, 0.99999999999431333]"
  ]
  node [
    id 31
    label 31
    dim 26
    name "26_31_30_19"
    ptc "[-178.64137069924254, 1035.0442677123253, 1281.9604505392235]"
    V "[-0.046004223923721388, 0.87344322556823317, 0.48474791705600628, -0.092365193183788025, -0.48690218067668667, 0.86855911574308442, 0.99466189354438306, -0.0048164469526825954, 0.10307530921347932]"
  ]
  node [
    id 32
    label 32
    dim 1
    name "1_20_14_1"
    ptc "[-189.2812040805498, 1181.2870798366844, 1282.4031572400422]"
    V "[0.14018018293336995, -0.99012601032003467, -7.0598394275080109e-07, 0.9901260103187538, 0.14018018293437187, -1.6593340018969297e-06, -1.7419147133301193e-06, 4.6640732065147652e-07, -0.99999999999837408]"
  ]
  node [
    id 33
    label 33
    dim 26
    name "26_31_30_19"
    ptc "[-178.64115587537438, 1181.0442677114108, 1281.9599669225645]"
    V "[-0.046004223947659427, 0.87344322557957943, 0.48474791703328962, -0.092365193496124987, -0.48690218065505136, 0.86855911572199807, 0.99466189351427203, -0.0048164470821675147, 0.10307530949799612]"
  ]
  node [
    id 34
    label 34
    dim 519
    name "519_1680_294_283"
    ptc "[-256.42811597713438, 1108.8741772855133, 1324.3267520012871]"
    V "[0.9999989405112969, -0.00024441683656706168, 0.0014350040744287075, 0.0014352394758813849, 0.00096567783016642916, -0.99999850377586841, 0.00024303071924381816, 0.99999950386324621, 0.00096602760373400913]"
  ]
  node [
    id 35
    label 35
    dim 1
    name "1_8_5_1"
    ptc "[-249.89726647239999, 1178.2015545857498, 1439.9951869807498]"
    V "[-0.99992053932820701, 0.010917246554874293, -0.0063030752214967662, -0.012606150466647663, -0.86595658870610215, 0.49996026986841957, -1.6629726337389092e-11, -0.5000000002041507, -0.86602540366657221]"
  ]
  node [
    id 36
    label 36
    dim 409
    name "409_944_638_114"
    ptc "[-226.39726647239996, 1108.9639965090862, 1389.4246373004951]"
    V "[1.9275919029272466e-15, -5.144400489430055e-10, -0.99999999999999978, 1.4545208498869136e-14, 0.99999999999999944, -5.1444002350826687e-10, -1.0, 1.4545208497877503e-14, -1.9275919104098837e-15]"
  ]
  node [
    id 37
    label 37
    dim 2
    name "2_24_6_1"
    ptc "[-335.39726647255003, 1108.9417469697501, 1280.9300216522499]"
    V "[0.0016412946054464872, -0.99999852208870432, 0.00051183241919636711, 0.99999865250157527, 0.0016413117243871667, 3.3028133452771853e-05, 3.3868161190668799e-05, -0.00051177752060572481, -0.99999986846834987]"
  ]
  node [
    id 38
    label 38
    dim 2
    name "2_21_7_1"
    ptc "[-335.39726647240002, 1151.4558714177499, 1323.3001751460001]"
    V "[0.0010188134106424139, 0.1048901895852969, -0.99448328801845409, 0.99989365402452723, -0.014574554002875467, -0.00051285192490515316, 0.014547943521814625, 0.99437700622267922, 0.10489388368684011]"
  ]
  node [
    id 39
    label 39
    dim 2
    name "2_7_4_1"
    ptc "[-335.39726647240002, 1138.9774394337501, 1356.1840644452498]"
    V "[-0.99975870168788705, -0.021471988730650982, -0.0046359572152220368, -0.021964614896445168, 0.97419834492173552, 0.22462221716518052, 0.00030674386942730722, -0.2246698432182242, 0.9744348964689723]"
  ]
  node [
    id 40
    label 40
    dim 3
    name "3_18_6_1"
    ptc "[-335.39726576587498, 1129.6697063912502, 1360.26971962225]"
    V "[4.2454956816524581e-05, 0.85873317583100683, -0.51242299999587226, 0.99999999821645658, -5.798329388634121e-05, -1.4318680784070667e-05, -4.2007899626296573e-05, -0.5124229984740446, -0.85873317676109706]"
  ]
  node [
    id 41
    label 41
    dim 2
    name "2_7_3_1"
    ptc "[-335.39726647240002, 1121.4361344859999, 1366.4872926727498]"
    V "[0.99976130938306795, 0.0094795867679577824, -0.019684046722202558, 0.021847751530545544, -0.43363672781693408, 0.90082288161507151, -3.7030580202684302e-06, 0.90103791580761505, 0.43374033045516602]"
  ]
  node [
    id 42
    label 42
    dim 4
    name "4_27_8_1"
    ptc "[-335.39726646617129, 1105.0885237702785, 1367.8740847541133]"
    V "[0.0019176531057718495, 0.99999812077385797, 0.00028470215616842575, -0.99999559250483627, 0.0019182934166640424, -0.0022660805963279863, -0.0022666224801219772, -0.00028035534485161903, 0.9999973919083055]"
  ]
  node [
    id 43
    label 43
    dim 2
    name "2_7_3_1"
    ptc "[-335.39726647240298, 1078.7511289336376, 1356.2440242102775]"
    V "[0.99975901089306085, 0.021894390678678197, -0.0015986853780492901, 0.021952679466306992, -0.99710956008174478, 0.072736545545134396, 1.5421292332028984e-06, 0.072754112257653408, 0.99734990808001911]"
  ]
  node [
    id 44
    label 44
    dim 3
    name "3_27_8_1"
    ptc "[-335.39726647165872, 1069.3860937459867, 1342.8176931459618]"
    V "[0.0019245507529312132, 0.50034428239901385, 0.86582440204409572, -0.99999590736020427, 0.002795828840417753, 0.00060712761193591237, -0.002116924004653633, -0.86582202698459421, 0.5003476153845916]"
  ]
  node [
    id 45
    label 45
    dim 2
    name "2_7_3_1"
    ptc "[-335.39726647240002, 1066.28071257225, 1314.1551342890002]"
    V "[0.99976846636728511, 0.012043399624595609, 0.017831718455858882, 0.021517750080439102, -0.55920285662176039, -0.82875156203625844, 9.4383521192454335e-06, -0.82894337663772, 0.55933252921618326]"
  ]
  node [
    id 46
    label 46
    dim 3
    name "3_27_8_1"
    ptc "[-335.39726647204765, 1073.2296206069416, 1299.3317189047884]"
    V "[0.0018878224804503986, -0.49974334827296013, 0.86617147377595693, -0.99999601586200026, 0.0008743821755989458, 0.0026839739077004158, -0.0020986630049934299, -0.86617308969555384, -0.49973970654816852]"
  ]
  node [
    id 47
    label 47
    dim 19
    name "19_62_11_9"
    ptc "[-236.70495879540414, 1108.2729682091317, 1551.7767608943409]"
    V "[-0.0055455024914018037, 0.99995348840838649, -0.0078910342805317904, 0.19885013812476987, 0.0088362701848670507, 0.97999007285634254, -0.98001421926922971, -0.0038654041339428345, 0.19888989084667802]"
  ]
  node [
    id 48
    label 48
    dim 1
    name "1_23_19_1"
    ptc "[-231.39726647240005, 1077.9639965079743, 1574.4032809050084]"
    V "[0.90177356035953082, -0.43220879888829972, -1.7131391008600951e-07, 0.43220879888802749, 0.90177356035835043, 1.5473342095933626e-06, -5.1428510556995234e-07, -1.4693884585621935e-06, 0.99999999999878841]"
  ]
  node [
    id 49
    label 49
    dim 1
    name "1_23_19_1"
    ptc "[-231.39726647240005, 1135.9639965079743, 1574.4032809050102]"
    V "[0.90177356035953082, -0.43220879888829972, -1.7131408689610772e-07, 0.43220879888802749, 0.90177356035835043, 1.5473342853971241e-06, -5.142849788903333e-07, -1.4693886033389008e-06, 0.99999999999878841]"
  ]
  node [
    id 50
    label 50
    dim 2
    name "2_24_6_1"
    ptc "[-335.39726647255003, 1108.9417469697501, 1280.9300216522499]"
    V "[0.0016412946054464872, -0.99999852208870432, 0.00051183241919636711, 0.99999865250157527, 0.0016413117243871667, 3.3028133452771853e-05, 3.3868161190668799e-05, -0.00051177752060572481, -0.99999986846834987]"
  ]
  node [
    id 51
    label 51
    dim 2
    name "2_7_4_1"
    ptc "[-335.39726647240002, 1138.9774394337501, 1356.1840644452498]"
    V "[-0.99975870168788705, -0.021471988730650982, -0.0046359572152220368, -0.021964614896445168, 0.97419834492173552, 0.22462221716518052, 0.00030674386942730722, -0.2246698432182242, 0.9744348964689723]"
  ]
  node [
    id 52
    label 52
    dim 3
    name "3_18_6_1"
    ptc "[-335.39735429264999, 1129.66970763475, 1360.2697217977502]"
    V "[5.5221495927808739e-05, 0.85873305164133762, -0.51242320689967014, 0.99999999766167891, -6.809112396687627e-05, -6.3435902810654362e-06, -4.033892274493138e-05, -0.51242320535115748, -0.85873305339343775]"
  ]
  node [
    id 53
    label 53
    dim 2
    name "2_7_3_1"
    ptc "[-335.39726647240002, 1121.4361344859999, 1366.4872926727498]"
    V "[0.99976130938306795, 0.0094795867679577824, -0.019684046722202558, 0.021847751530545544, -0.43363672781693408, 0.90082288161507151, -3.7030580202684302e-06, 0.90103791580761505, 0.43374033045516602]"
  ]
  node [
    id 54
    label 54
    dim 4
    name "4_27_8_1"
    ptc "[-335.39726646617129, 1105.0885237702785, 1367.8740847541133]"
    V "[0.0019176531057718495, 0.99999812077385797, 0.00028470215616842575, -0.99999559250483627, 0.0019182934166640424, -0.0022660805963279863, -0.0022666224801219772, -0.00028035534485161903, 0.9999973919083055]"
  ]
  node [
    id 55
    label 55
    dim 3
    name "3_18_6_1"
    ptc "[-335.3972659488, 1088.2553772229999, 1360.2679380669999]"
    V "[5.1922256495906331e-05, 0.87356250472435326, 0.48671197606366035, 0.99999999853013521, -3.7757636090418312e-05, -3.8911311402565783e-05, -1.5614368977874584e-05, 0.48671197736862276, -0.87356250540079661]"
  ]
  node [
    id 56
    label 56
    dim 2
    name "2_7_3_1"
    ptc "[-335.39726647240298, 1078.7511289336376, 1356.2440242102775]"
    V "[0.99975901089306085, 0.021894390678678197, -0.0015986853780492901, 0.021952679466306992, -0.99710956008174478, 0.072736545545134396, 1.5421292332028984e-06, 0.072754112257653408, 0.99734990808001911]"
  ]
  node [
    id 57
    label 57
    dim 3
    name "3_27_8_1"
    ptc "[-335.39726647165872, 1069.3860937459867, 1342.8176931459618]"
    V "[0.0019245507529312132, 0.50034428239901385, 0.86582440204409572, -0.99999590736020427, 0.002795828840417753, 0.00060712761193591237, -0.002116924004653633, -0.86582202698459421, 0.5003476153845916]"
  ]
  node [
    id 58
    label 58
    dim 2
    name "2_7_3_1"
    ptc "[-335.39726647240002, 1066.28071257225, 1314.1551342890002]"
    V "[0.99976846636728511, 0.012043399624595609, 0.017831718455858882, 0.021517750080439102, -0.55920285662176039, -0.82875156203625844, 9.4383521192454335e-06, -0.82894337663772, 0.55933252921618326]"
  ]
  node [
    id 59
    label 59
    dim 3
    name "3_27_8_1"
    ptc "[-335.39726647752133, 1073.2296205953332, 1299.3317189163733]"
    V "[0.001887822859423642, -0.49974334806523518, 0.86617147389497928, -0.99999601585843645, 0.00087438316246426205, 0.0026839749140177504, -0.0020986643622349548, -0.86617308981440555, -0.49973970633646903]"
  ]
  node [
    id 60
    label 60
    dim 36
    name "36_42_35_32"
    ptc "[-245.27994708755782, 1108.964015923123, 1241.5564077560227]"
    V "[-0.067216040035730798, 1.0087816214915665e-05, -0.99773844461369288, 8.7210194749701297e-05, -0.9999999960694167, -1.5985893099751289e-05, -0.99773844085326135, -8.8087472494625279e-05, 0.067216038891772148]"
  ]
  node [
    id 61
    label 62
    dim 13
    name "13_25_14_7"
    ptc "[-234.06393313906673, 1153.5117237223333, 1538.95099372]"
    V "[0.62056720676463717, -0.55448009068855164, -0.55448009064199222, -0.78415326428469079, -0.43880728010676667, -0.43880728006377206, 3.4090508080745255e-12, -0.70710678115495229, 0.70710678121814274]"
  ]
  node [
    id 62
    label 63
    dim 16
    name "16_40_16_7"
    ptc "[-234.06393313903655, 1043.2810403201918, 1512.0029615720034]"
    V "[0.27872889286032371, 0.92764601852585959, -0.24856200151668265, -0.96036982682967398, 0.26923143614803424, -0.07214034588778144, -2.2875205191957761e-12, -0.25881904509287579, -0.96592582629165269]"
  ]
  node [
    id 63
    label 64
    name "13_25_14_7"
    dim 13
    V "[0.620567206794014, 0.55448009064883785, -0.55448009064882775, -0.78415326426144238, 0.43880728010604592, -0.43880728010603798, -0.0, -0.70710678118654124, -0.7071067811865539]"
    ptc "[-234.06393313906673, 1064.4162692929999, 1538.95099372]"
    mz True
  ]
  node [
    id 64
    label 65
    name "16_40_16_7"
    dim 16
    V "[0.27872889286035801, -0.92764601852090545, -0.2485620015351328, -0.9603698268296641, -0.26923143614464212, -0.072140345900573805, 5.097663083684766e-12, 0.25881904511416037, -0.96592582628594947]"
    ptc "[-234.06393313906673, 1174.6469526955002, 1512.0029615721667]"
    mz True
  ]
  node [
    id 65
    label 66
    dim 31
    name "31_149_20_10"
    ptc "[-285.75513986250348, 1048.9712117342938, 1324.4032665122049]"
    V "[0.96492826034076562, -0.26251371848934996, 7.9857464407679888e-07, -0.26251371846285404, -0.96492826027864542, -1.1594499487143394e-05, -3.8142824164045377e-06, -1.0978223420364433e-05, 0.9999999999324648]"
  ]
  node [
    id 66
    label 67
    dim 31
    name "31_149_20_10"
    ptc "[-285.75513961568254, 1138.9603888887095, 1272.4479908422768]"
    V "[0.9649282603113255, 0.13125616798287673, -0.22734394827883531, -0.2625137185711004, 0.48247416499619644, -0.83564659256960805, -3.8120841345050961e-06, -0.86601991806059175, -0.50000950141751699]"
  ]
  node [
    id 67
    label 68
    dim 31
    name "31_149_20_10"
    ptc "[-285.75513961572199, 1078.9676041134494, 1272.4479908498831]"
    V "[0.96492826031142442, -0.13125755061650402, -0.22734315001451788, 0.26251371857073602, 0.48245409521080912, 0.83565817986571755, -3.8120991905822027e-06, -0.86603088941473416, 0.49999049847471344]"
  ]
  node [
    id 68
    label 69
    dim 31
    name "31_149_20_10"
    ptc "[-285.75513961571255, 1168.9567812831363, 1324.4032664973911]"
    V "[0.96492826031107415, 0.26251371859848849, -7.9825930129363944e-07, -0.26251371857202371, 0.96492826024903222, 1.1587262236918396e-05, -3.8120782570141672e-06, 1.0971322774470582e-05, -0.99999999993254918]"
  ]
  node [
    id 69
    label 70
    dim 31
    name "31_149_20_10"
    ptc "[-285.75513960262117, 1151.3853014538131, 1366.8245714403195]"
    V "[0.96492826012617783, 0.1856257953982734, 0.18562466671384303, 0.26251371925166261, -0.68229912421958772, -0.68231550788022, -3.81133043474798e-06, 0.70711453751987152, -0.70709902475787079]"
  ]
  node [
    id 70
    label 71
    dim 31
    name "31_149_20_10"
    ptc "[-285.75513960261458, 1066.5426915721196, 1366.8245714506795]"
    V "[0.96492826012653676, -0.18562466671513272, 0.1856257953951185, -0.26251371925034422, -0.68231550778092109, 0.68229912431939688, -3.8112904426945248e-06, 0.7070990248533513, 0.70711453742439345]"
  ]
  node [
    id 71
    label 72
    dim 1
    name "1_328_93_1"
    ptc "[-184.1082815061333, 1109.4794588330417, 1494.4032665049999]"
    V "[-1.0, 8.8040304513336678e-13, -2.8752110349052219e-16, -2.8752110433839684e-16, -9.6305283119342904e-13, 1.0, 8.8040304513336668e-13, 0.99999999999999967, 9.6305289793586982e-13]"
  ]
  node [
    id 72
    label 73
    dim 25
    name "25_40_32_13"
    ptc "[-174.78843515521814, 1111.9633611400457, 1316.6811312394445]"
    V "[-0.028336238566610224, 0.91775602870458484, 0.39613246441094108, -0.024879731197411232, 0.39552128989795554, -0.91811976790231564, -0.99928877535947569, -0.035871730009113117, 0.011625937670251827]"
  ]
  node [
    id 73
    label 74
    dim 36
    name "36_50_35_27"
    ptc "[-153.45561832643358, 1033.9422069018099, 1438.1334480071378]"
    V "[-1.3657037377679019e-06, -0.95664582492469097, 0.29125378221113585, -3.7396907501093052e-07, 0.29125378221187576, 0.95664582492536765, 0.99999999999899747, -1.1975748712936987e-06, 7.5552233326595249e-07]"
  ]
  node [
    id 74
    label 75
    dim 21
    name "21_28_21_17"
    ptc "[-151.4555826227259, 1035.4027788360499, 1468.2514300487314]"
    V "[-3.1541299896632098e-07, 0.97208525146315916, -0.23462792648725331, -5.2623785468735024e-06, -0.23462792648562986, -0.97208525144935798, 0.99999999998610378, -9.2809264243336349e-07, -5.189485270965943e-06]"
  ]
  node [
    id 75
    label 76
    dim 1
    name "1_8_1_1"
    ptc "[-151.45560839733903, 1036.8051848320554, 1474.8043057130515]"
    V "[-2.8640846337563271e-05, -0.2419218948096318, -0.97029572605026937, 7.9926478072889266e-05, 0.9702957227951946, -0.24192189635729172, -0.99999999639573001, 8.4481167931636173e-05, 8.4541256777182297e-06]"
  ]
  node [
    id 76
    label 77
    dim 1
    name "1_4_2_1"
    ptc "[-153.4556899340273, 1048.0453893865597, 1476.8972226955605]"
    V "[-0.0002346339111348129, -0.24192189103350428, -0.97029569904524493, 4.3255671334659188e-05, -0.97029572730171354, 0.24192188761868036, 0.99999997153793685, -1.4792286825753127e-05, -0.00023812877526140341]"
  ]
  node [
    id 77
    label 78
    dim 33
    name "33_90_38_11"
    ptc "[-144.80279959822622, 1037.6105370062789, 1468.4200297044144]"
    V "[0.99999431467825739, -0.0032692450261894131, 0.00082622522422310209, -1.0780408150962304e-05, 0.2419220403891863, 0.97029569011601602, 0.0033720164509098739, 0.97029018257987731, -0.24192062974075426]"
  ]
  node [
    id 78
    label 79
    dim 1
    name "1_13_9_1"
    ptc "[-239.71923866556668, 1087.2139965175695, 1494.4030820063408]"
    V "[-0.45593594097046825, -0.89001259381585396, -2.4094596258179519e-05, -0.8900125903769166, 0.4559359363844484, 0.0001043254865310604, -8.1865404561831697e-05, 6.9010232898569332e-05, -0.9999999942678216]"
  ]
  node [
    id 79
    label 80
    dim 7
    name "7_10_7_6"
    ptc "[-81.300531474730761, 1096.8334051725351, 1417.2732758860418]"
    V "[0.70710678110967207, 0.49999839302075799, 0.50000160708279562, 3.2143056434716005e-06, 0.70710678101063962, -0.70710678135514993, 0.7071067812561177, -0.50000160722284792, -0.49999839267359864]"
  ]
  node [
    id 80
    label 81
    name "7_10_7_6"
    dim 7
    V "[0.70710905394020618, 0.49999839288573888, -0.4999983929448823, -6.3285540134981897e-11, 0.70710678127311821, 0.70710678109997682, 0.70710450842558403, -0.50000160698666618, 0.5000016071723814]"
    my True
    ptc "[-81.300586615596472, 1096.8334051722134, 1441.5338578629116]"
    mx True
  ]
  node [
    id 81
    label 82
    name "7_10_7_6"
    dim 7
    V "[0.70710678121726533, -0.5000016069894534, -0.49999839296194026, -3.2142175949846921e-06, -0.7071067813173032, 0.70710678104848657, 0.70710678114852443, 0.49999839282046482, 0.50000160722814169]"
    my True
    ptc "[-81.300531476121023, 1121.0939871489966, 1441.5338578631565]"
  ]
  node [
    id 82
    label 83
    ptc "[-81.300476335175077, 1121.09398714912, 1417.2732758861814]"
    V "[0.70710450835477878, -0.50000160719304976, 0.50000160706613184, 2.9115943156399552e-10, 0.70710678130268279, 0.70710678107041225, -0.70710905401101121, -0.49999839263754398, 0.4999983930929438]"
    dim 7
    name "7_10_7_6"
    my True
    mx True
    mz True
  ]
  node [
    id 83
    label 84
    dim 8
    name "8_11_7_6"
    ptc "[-97.206988353327816, 1108.9631557515565, 1528.1018763733782]"
    V "[0.57260353604325154, -1.3013789172431203e-06, -0.81983241611262936, -2.2714344801622124e-06, -0.9999999999974204, 9.1177398964152674e-10, -0.8198324161105156, 1.861673532787332e-06, -0.57260353604473047]"
  ]
  node [
    id 84
    label 85
    dim 398
    name "398_874_758_96"
    ptc "[-266.58298075855345, 1108.4189020553824, 1475.4829990168844]"
    V "[-0.0010734133220811387, 0.014861576576690915, -0.9998889845005271, 0.0038443734793822391, -0.99988211039383545, -0.014865601465160791, -0.99999203425646899, -0.0038599036289937187, 0.001016153326954108]"
  ]
  node [
    id 85
    label 86
    dim 703
    name "703_1152_622_486"
    ptc "[-460.99783790130448, 1112.8854250742825, 1484.3914997019883]"
    V "[0.99270795060902861, 0.021952302354568291, 0.11852856710074669, 0.11877994556081009, -0.010520362511988051, -0.99286486819968978, 0.020548706290021819, -0.99970366528984478, 0.013051140787549608]"
  ]
  edge [
    source 2
    target 1
    close True
    equal False
  ]
  edge [
    source 9
    target 5
    close True
    equal True
  ]
  edge [
    source 13
    target 5
    close True
    equal True
  ]
  edge [
    source 14
    target 12
    close True
    equal True
  ]
  edge [
    source 15
    target 5
    close True
    equal True
  ]
  edge [
    source 17
    target 5
    close True
    equal True
  ]
  edge [
    source 19
    target 5
    close True
    equal True
  ]
  edge [
    source 20
    target 12
    close True
    equal True
  ]
  edge [
    source 21
    target 5
    close True
    equal True
  ]
  edge [
    source 23
    target 12
    close True
    equal True
  ]
  edge [
    source 24
    target 5
    close True
    equal True
  ]
  edge [
    source 25
    target 16
    close True
    equal False
  ]
  edge [
    source 26
    target 5
    close True
    equal True
  ]
  edge [
    source 28
    target 5
    close True
    equal True
  ]
  edge [
    source 33
    target 31
    close True
    equal False
  ]
  edge [
    source 41
    target 39
    close True
    equal False
  ]
  edge [
    source 43
    target 39
    close True
    equal False
  ]
  edge [
    source 44
    target 42
    close True
    equal False
  ]
  edge [
    source 45
    target 39
    close True
    equal False
  ]
  edge [
    source 46
    target 42
    close True
    equal False
  ]
  edge [
    source 49
    target 48
    close True
    equal True
  ]
  edge [
    source 50
    target 37
    close True
    equal True
  ]
  edge [
    source 51
    target 39
    close True
    equal True
  ]
  edge [
    source 52
    target 40
    close True
    equal False
  ]
  edge [
    source 53
    target 39
    close True
    equal False
  ]
  edge [
    source 54
    target 42
    close True
    equal True
  ]
  edge [
    source 55
    target 40
    close True
    equal False
  ]
  edge [
    source 56
    target 39
    close True
    equal False
  ]
  edge [
    source 57
    target 42
    close True
    equal False
  ]
  edge [
    source 58
    target 39
    close True
    equal False
  ]
  edge [
    source 59
    target 42
    close True
    equal False
  ]
  edge [
    source 63
    target 61
    close True
    equal True
  ]
  edge [
    source 64
    target 62
    close True
    equal True
  ]
  edge [
    source 66
    target 65
    close True
    equal False
  ]
  edge [
    source 67
    target 65
    close True
    equal False
  ]
  edge [
    source 68
    target 65
    close True
    equal False
  ]
  edge [
    source 69
    target 65
    close True
    equal False
  ]
  edge [
    source 70
    target 65
    close True
    equal False
  ]
  edge [
    source 80
    target 79
    close True
    equal True
  ]
  edge [
    source 81
    target 79
    close True
    equal True
  ]
  edge [
    source 82
    target 79
    close True
    equal True
  ]
]
